0.9934839407163785    0.7476738634702018
0.41645570601219495    -0.6469017528833865
-0.26216125966217896    -0.8607863218132557
0.43515614327112395    -0.45420687261176074
0.4358630247122972    -0.5138520054791245
0.04976270287839246    0.029554020127250613
-0.10293218570119733    -0.8353295828272171
-0.13168799816655286    -0.8676764046288559
-0.3690973837674345    -0.7568378594841803
-0.49704170576366935    0.19872162854234832
0.10328094949197975    0.49658145045853685
-0.7068103531655685    0.33599545951183685
0.06908060589086418    0.8953426193044676
-0.45720574799362357    -0.6960765652769021
-0.4597489907744845    -0.013774580304702466
-0.981315671547589    -0.7437473640563681
0.09173672255514442    0.5535597399522261
-0.6164852699297194    0.04320364355224382
-0.5874950902891463    -0.5178661364200334
0.22035884878387657    0.34903019695377147
0.2765420140498822    -0.16102384492232358
0.35653596906227203    0.06557309816953727
-0.5612356167437909    0.8493650866498981
-0.6949915303281275    -0.007798780676998351
-0.6466363207822619    -0.3368757642568594
-0.18440053956439573    -0.795513618501918
-0.9328117039212913    0.5904625651773105
0.7646055845832533    0.24841120433911912
0.15833808440485053    -0.16767635858529917
0.9102114568855024    -0.30613801184162615
-0.8297706871787753    0.6384100349801263
0.4024371198468468    0.5206129388703067
-0.3660358209641814    -0.7032474998674809
0.3601809487996519    -0.6880403829271273
0.47691726027569037    0.391896814125821
-0.6857537924963324    -0.7043860111187634
-0.6169700205701725    0.36448431018069405
0.8640688895090467    -0.10157398008984342
-0.4996182113161587    -0.4367953738233712
-0.49280793634329845    0.670949232841763
-0.21581535155164477    0.7008033078452471
-0.7256391364838533    0.18982248709602545
-0.7815731529700547    -0.0909707763670542
0.5394388248098647    0.8603911777541489
-0.8230317112170453    -0.5668896321540029
0.17217620399057765    0.41894619630214436
0.264969376981371    0.4145492246126894
-0.9368123513873152    0.37341056955677443
0.12411258842115203    0.18173264296690794
0.9743255301919076    0.6232579537966274
0.8901545481764601    -0.9989458935822126
-0.3460369747845935    0.06389948928730993
-0.7410757874184555    0.33694854753467185
-0.7944707210239417    -0.892270895089877
0.4469607888817453    0.3274447674033545
-0.19103315430815204    -0.2565299720914149
-0.27443608325663993    0.40254151478753264
-0.9313897111703515    0.007419503251862913
-0.3378941530667945    -0.24408168232133165
0.49731226151947316    0.5546399712209189
-0.27996650142101664    -0.2738058821170508
0.9454721314203245    -0.604900044320829
-0.5509322540687847    0.05215001831718147
0.14494985339388866    0.7992196159442635
-0.8603167197073549    -0.5629639409080907
-0.038323795596114874    -0.12076948888574734
0.5210323037375519    -0.10971518063377417
0.4370986649078712    -0.5827896711699421
0.8490527607144231    -0.0893426065889229
0.24742998083083556    0.13760823372917708
0.5615796328314797    -0.26694895619538417
0.820994902494196    -0.18847104501501
-0.4301434524925343    0.5819005358440659
0.027798937154857484    0.33199608191261376
0.21092270518359424    -0.8426915855809325
-0.9082298729945264    -0.7861302249486759
-0.09707162724964458    0.4257427315074067
-0.8250455193199782    0.8490457735800163
-0.3744898521153015    0.19534346248595735
-0.0557278891407047    -0.7129836260098668
-0.5100642358114744    -0.07341771550723486
-0.6447292886263787    0.3128272874209357
-0.13119428856153403    -0.23777588710201236
-0.1263596499653301    0.15891665593170057
-0.17732237592631872    -0.14375993927180097
-0.595918093252231    -0.6857228793140666
-0.10894290150419383    0.7395269167559548
-0.6925507292624029    0.5838326972871724
-0.2922228760276375    0.6809897544851091
-0.93908573490878    0.8028780574149119
0.3558661926083322    -0.21425188488241842
-0.6477690736933304    -0.5741216105363363
0.8945828976195018    0.9179288063027042
0.6980032444115967    0.5858829104360306
0.07137419434271153    0.44371243705728003
-0.9628095523060369    0.1602574127430878
-0.12590931312162534    -0.7389974171918778
-0.8250902805549094    -0.11960547089896534
-0.716127115230563    0.6152910392462281
-0.5620738227974416    0.5875136731030475
0.35669778213285896    -0.20300550403442807
0.45204732227394206    0.3636151768360951
0.5916555683712805    -0.026258180345628324
-0.4370328621316517    0.45610726508069677
-0.5633967980650483    0.1317943891105735
0.09593345875187387    0.666576750910119
0.7369195263325743    -0.6160160254802716
-0.6140594718733112    0.1886276603242394
0.9506658787276479    0.7472577033898906
-0.691023797634994    -0.24333444055275888
-0.9664671979023127    0.9011199864831285
-0.09381838897050998    0.40695764686896907
0.03953309511155534    0.40896800528297184
0.6166100792690701    -0.8457469464203538
0.6884778803167366    -0.5824832210766879
0.6205982555196303    0.45169937605580923
-0.5811476833561366    0.9452155527382682
-0.1554070985730338    0.42874582743608336
-0.2252156788923183    -0.47124058189438434
-0.7103969198264266    0.5911761166350655
0.3683781440973919    -0.7824965475798802
-0.48072371094154787    0.9193668948098295
-0.8862365081018704    -0.3112110955359253
-0.6200744387727988    -0.8846785544976237
-0.0532124241281724    0.602895709826152
-0.6763379159705094    -0.8740190855484669
0.8243573544678675    0.22453738992668515
-0.9328838238727655    0.00976862524338773
0.44001552700228985    0.8085177561953936
-0.25794218306631644    -0.284723926814729
-0.20258607208518842    0.28037282453965395
0.18055576398711692    -0.5945471930950288
-0.4490763088507963    -0.6614769463875179
-0.4738572112566053    0.5876145686363492
0.8527024133455094    -0.7373344204611647
-0.02621795992071685    -0.5009617133711335
0.3381144684972046    0.43383810566403036
0.11525839171897978    0.9498647732982126
0.8364795728327636    0.8547899292926913
-0.8970538075770507    -0.8605164411262995
0.41170326946447267    -0.19500164253457486
0.643733857924697    -0.16047266534862104
-0.5825795174480368    0.1728722389104036
-0.303788219278593    0.7760564693670671
0.3938612300746043    -0.021613060114892058
-0.33193859723357133    -0.9545324370951365
0.838726608644361    -0.8674010663454372
-0.10309174523965003    -0.036887685178252916
0.1519407101192618    -0.42380996181437003
0.24673184759165334    0.8705671210322299
-0.6157778945541361    -0.4026033517049683
-0.23674748048472627    0.11694658161014737
-0.18800321284455146    0.3503796925191167
-0.49445574336687304    -0.31839345089113213
-0.18374700173688785    0.3782966341656082
-0.09255043232154958    -0.2799637715865213
-0.9394838809121551    0.2910381532231461
0.32120155150522334    0.6916923677795344
0.543199628794774    0.6557965224146565
0.7569860389871943    -0.3320198231403664
0.7421669695253417    -0.37066493970932823
-0.7439952108317969    -0.07945969223608396
-0.22558331734687886    0.8940314467055319
0.8209286658370796    0.9544534665092448
-0.7386183058436007    -0.9445292496038737
-0.6235413224830295    -0.22207249874157986
-0.5795883013755423    0.8175674301428693
0.8440396913236372    -0.6105143363019208
0.7955850203963744    -0.028102219584793975
-0.9113994474264089    -0.7843738790848949
-0.0039239039985985436    0.521129114186365
-0.7684773949958135    0.5463779954964136
0.82788041692924    -0.8978669083480402
0.6228655851552263    -0.10686895106378147
0.284779932549976    -0.7174250719567774
0.6272099397966251    0.6325696045784452
-0.9929933812018608    0.2754738424838368
0.3013005453048818    0.30249398745944656
0.021143580078328394    -0.8505686856351105
0.02800637099869574    -0.5202327080457418
-0.15762236715267575    0.7079288419000009
-0.7800611821491761    0.29757622024331387
0.35029873716408    0.869299363059
-0.6826014520798243    0.34865014173520303
0.2420176186176617    -0.40032164167617723
-0.5208508685074889    0.9730334948102843
-0.6785488833590556    0.23444616939672436
-0.3991545495455302    -0.2565380505274346
-0.5987953599494862    -0.6306255104854037
-0.4052301247849719    -0.661656031541705
0.17355721250045675    -0.5891071771861947
-0.7741392244121454    0.9318035783972867
-0.9503660470547213    0.3455955980962946
-0.7771570603551725    -0.2678067315564341
0.6709283331756324    0.3223121621493503
-0.13039961378635878    -0.6350615815796479
0.5649152258567469    0.2357654934911273
-0.1692421306359997    0.42252839950695886
0.24657339689157154    -0.3409512151340619
-0.4232331214075373    0.693922699692576
-0.03978550651198809    0.1928519823928021
0.447620010476141    0.33759271620389963
0.2110935717416993    -0.41742658218500295
0.13064437533175988    0.5768737610775965
0.2538545399105159    -0.19984457614622575
0.126654974260628    -0.6267448315749022
0.7849414929710321    0.695684390410747
0.6400753171036131    -0.02731178094809561
-0.7713141631296891    -0.20549881903551404
-0.7475387316344388    0.22194617167852781
-0.7881432754851496    0.348768571096403
-0.27480738670627014    0.1165231522868806
-0.9109598003074808    -0.15185254543493554
0.3259244743586227    0.16851177570030207
-0.28870886395267537    -0.14756517910967837
-0.8152812391120365    -0.12764770786985302
-0.9769197751837766    -0.7702781007708337
-0.6403951918150608    -0.2016999822154968
0.5276353112455063    0.6668313861226265
0.5276450086671107    0.6579098723052106
0.1783564181520323    0.6644984622569499
-0.4835889897824628    0.06279070226593286
-0.16594029677328082    0.13796077588832056
0.2521029061732636    0.6373348284012847
-0.9416146385833852    0.2143281588412489
-0.8756273452307879    -0.3519181780064109
0.7487824128239782    -0.14869584272497405
0.2542407035708514    0.3768276279432323
-0.15193978531115948    0.497535298649737
0.7003236618386288    -0.9084550191840828
0.2215762774773542    0.17306769630426877
0.24991725479003346    0.6586321682937748
0.6757072748708466    -0.9309078829720672
0.11530965230243662    0.5919621537471407
-0.9516723916580938    -0.9506363623963252
-0.4079745122557703    -0.3513443956767961
-0.6803997987769437    0.28138408602505804
-0.46546889023764737    0.9584563077484864
0.7714591590819706    -0.36636176217539584
0.36625873475937776    -0.8869617996279731
0.3667450763135045    -0.5541209478373077
0.2646353925903493    -0.3564711096541344
-0.2759699337162189    -0.18734052006695623
0.14813143566373976    -0.12101409547098929
0.3317480774632682    0.6160114777704382
0.1411698425029595    0.3055155914307357
0.975324853217892    -0.7986232719082298
-0.695932269806733    -0.764821857918591
-0.25642105807048043    -0.18840445624384938
0.5890082732486182    0.845774175227245
-0.5642556886108174    -0.3230350030581417
0.2193694074578607    -0.5329366675552578
-0.2919575967606507    0.0050787929662916564
0.9885642629307858    -0.634084048314836
-0.12118957388828044    0.022366278123613137
0.33587668442005447    -0.7776453884722501
0.9537699325496936    0.6899493120447482
0.4806021477427824    -0.009606403503067407
0.13809844366832236    -0.2503594468584831
-0.6178663463395146    -0.09796195967752697
-0.13045509878033568    -0.6483915263276179
-0.15754006960138112    0.9997582748063214
0.2369077545537852    -0.3265614669180841
-0.3211289471821861    -0.22779351797034209
0.5407727087090735    0.6610221923921598
0.5684954033671097    0.21989792844084577
0.7084849436813412    -0.6950905155550617
0.9026191645529393    0.9920304599339607
0.29290942412312737    -0.28853694137115427
0.7875686124087855    -0.8874305119796613
-0.13538936265215873    -0.3636443101389546
-0.809737200929409    -0.7468200617016296
0.7496605600228856    0.11865542493959436
0.15037278008675248    -0.48746228085999377
0.27036363194768254    0.38694656022700413
0.9673514809725294    0.22600847260277446
0.9137631840947551    0.3046368074822221
0.3194265316289593    -0.5433671171649148
-0.8171259614609141    -0.7201948757765846
0.3829765987603435    -0.4921876846095805
-0.7218368785909373    -0.21435278519850098
0.1945394981095312    -0.9499600953757317
0.2118778404679924    -0.5792212952454714
-0.2659710483135411    -0.7315223027146291
0.4754006465760727    -0.21564039699253046
-0.4934354881443379    -0.18486869315518106
-0.040113598806318373    -0.6507932980124254
0.761648169149284    -0.7111719799214611
0.47301631422136614    0.9867632333589136
0.912247828297795    -0.5318429394874591
-0.10021788747267424    0.8309983803171124
